testing on type 3, num 500, lenth 64
alloc address 3fc00000
60
60
60
60
60
60
60
60
60
60
60
60
60
60
60
60
60
60
60
60
60
60
60
60
60
60
60
60
60
60
63
60
60
63
105
110
77
63
60
60
60
60
60
60
60
60
60
60
60
60
60
60
60
60
60
63
60
85
61
60
60
60
60
60
60
60
60
60
60
60
60
60
60
81
71
60
60
60
63
60
60
60
60
60
60
60
60
60
60
60
103
119
60
60
60
60
60
60
60
60
60
60
60
60
60
60
60
60
60
60
60
60
60
60
60
60
60
60
60
60
60
63
60
74
60
60
60
60
60
60
60
60
60
60
60
60
60
82
60
63
60
60
97
60
60
60
60
60
60
60
65
60
60
60
60
64
60
60
60
60
60
60
60
60
60
60
60
60
60
60
60
60
60
60
60
60
60
60
60
60
60
60
60
60
60
60
60
63
60
60
60
60
60
60
60
60
60
63
63
60
61
60
60
60
60
60
60
60
60
60
60
60
60
60
60
60
60
60
60
60
60
60
60
60
60
60
60
60
60
60
60
60
60
60
60
60
60
60
60
60
60
60
60
60
60
60
60
60
60
60
60
60
60
60
60
60
63
60
60
100
60
60
60
60
60
60
60
60
60
63
60
60
60
60
60
60
60
60
60
60
60
60
60
60
60
60
60
60
60
60
60
60
60
60
60
60
60
60
60
60
60
60
60
60
60
60
60
60
60
60
60
60
60
60
60
60
65
62
60
60
60
60
60
60
60
60
60
60
60
60
60
60
60
60
96
60
60
60
60
60
60
60
60
60
60
60
60
60
99
60
60
60
62
60
60
60
60
60
60
60
60
60
60
60
60
60
60
60
63
60
60
60
60
60
60
60
60
60
60
60
60
60
60
60
60
60
60
60
60
60
60
60
60
60
60
63
60
60
63
60
60
60
60
60
60
60
60
60
74
60
98
60
60
60
60
60
60
60
60
64
60
60
63
60
60
60
60
60
60
60
60
60
60
60
60
60
60
60
60
60
60
60
60
63
60
60
60
60
60
60
60
60
60
60
60
60
60
60
60
60
60
60
60
60
60
60
60
60
60
60
60
60
60
60
60
60
60
99
60
60
60
60
60
60
60
60
60
60
60
60
60
60
60
60
60
60
60
60
60
60
