testing on type 4, num 1000, lenth 64
alloc address 7000000
66
66
66
66
66
66
66
66
66
66
66
66
66
66
66
66
66
66
66
66
66
66
66
66
66
66
66
66
66
66
66
66
123
66
66
66
66
66
66
66
66
66
66
66
66
66
66
66
66
66
66
66
66
66
66
105
75
66
66
66
66
66
66
120
66
120
123
120
123
120
123
120
123
123
124
120
123
119
123
119
123
120
123
120
123
127
123
120
124
120
124
120
124
120
123
120
157
120
123
120
124
120
123
120
123
120
123
120
123
120
123
120
123
120
170
120
123
119
124
120
123
120
123
120
123
119
123
120
124
120
124
120
123
119
123
120
124
120
124
120
123
120
124
120
123
119
124
119
123
120
123
120
124
120
124
120
124
123
124
119
124
147
123
120
123
120
123
120
124
120
123
120
123
139
123
121
123
120
124
120
123
120
123
120
123
120
124
120
124
120
124
120
124
120
124
120
133
119
120
120
126
120
123
120
123
120
124
120
124
120
123
120
124
159
123
120
123
120
123
120
123
119
124
119
123
120
124
120
66
66
66
66
66
66
66
66
66
75
114
66
66
66
66
66
66
66
66
66
66
66
66
66
66
66
66
66
66
66
66
66
123
66
66
66
66
66
66
66
66
66
66
66
66
66
66
66
66
66
66
66
66
66
66
66
66
66
66
66
66
100
63
120
66
120
124
120
124
120
123
120
124
120
124
120
123
120
123
127
123
120
124
120
123
120
123
120
124
120
124
120
124
120
123
120
123
120
123
120
124
120
123
120
124
120
123
138
123
120
124
120
123
120
123
120
124
120
123
168
124
120
127
120
123
120
123
120
123
120
123
120
124
120
123
120
123
120
124
120
120
143
142
120
123
117
144
120
141
120
158
120
123
120
124
161
124
120
123
124
123
124
123
120
123
150
124
120
123
120
120
117
123
119
123
143
123
120
124
120
123
120
130
120
128
120
153
120
123
120
123
120
123
120
123
120
123
120
124
120
123
119
123
120
124
120
124
120
123
120
123
120
123
120
138
151
170
117
123
117
124
119
123
120
124
120
123
120
66
66
66
63
66
66
66
66
66
66
66
63
66
66
66
66
66
121
66
110
66
66
66
69
66
66
66
66
66
66
66
66
123
66
66
66
66
66
66
66
66
66
66
93
66
66
66
69
66
66
98
66
66
68
66
66
66
66
66
66
66
66
66
120
63
120
123
117
120
120
124
120
123
120
124
120
124
120
123
120
123
117
123
120
123
120
123
120
124
120
124
120
123
120
123
154
123
120
123
148
124
120
123
120
123
120
142
117
139
120
141
121
176
158
123
120
123
120
123
119
124
120
126
120
127
120
124
120
123
120
123
120
123
120
123
120
123
120
123
120
123
120
124
120
123
120
123
120
123
120
124
120
123
120
123
120
123
120
124
122
123
119
147
127
124
120
123
119
123
120
127
120
123
120
123
120
123
120
123
120
123
120
123
120
123
120
123
120
123
120
123
120
123
120
123
120
123
120
123
120
123
120
123
120
123
119
124
120
123
120
123
120
123
119
123
120
123
120
123
119
124
120
123
119
123
120
124
120
66
66
66
66
66
66
66
66
66
66
66
66
66
66
66
66
66
66
66
67
63
66
66
66
63
66
66
66
66
66
66
66
123
66
81
66
66
66
66
98
66
66
66
66
66
66
66
66
66
66
66
66
66
66
66
66
66
66
66
66
66
66
66
120
66
120
123
120
124
120
124
120
123
120
123
120
123
119
123
120
123
117
124
120
124
120
123
119
123
120
123
120
123
120
123
120
123
120
124
120
123
120
123
120
123
120
124
120
120
120
123
120
124
120
124
120
123
120
123
119
123
123
123
120
123
120
124
120
123
120
123
120
123
120
123
120
124
120
123
120
124
123
125
120
123
120
124
120
123
120
124
120
124
120
123
120
123
120
123
120
123
120
123
120
123
120
123
120
123
120
123
120
123
119
123
120
160
120
125
120
179
120
124
120
123
120
178
120
123
120
120
120
124
120
124
120
124
127
124
126
120
120
124
120
123
120
123
134
171
120
124
120
123
164
123
120
123
120
123
120
123
120
123
120
124
120
124
120
63
66
66
66
66
66
66
66
66
66
66
66
66
66
66
66
66
66
66
66
66
66
66
66
66
66
66
66
66
66
66
66
123
66
66
66
66
66
66
66
66
66
66
66
66
66
66
71
68
66
66
66
66
66
66
66
66
66
66
66
66
63
66
120
66
120
124
120
124
120
124
120
123
120
176
120
123
120
148
172
123
120
124
120
124
117
123
120