testing on type 4, num 1000, lenth 64
alloc address 7000000
15
15
15
15
15
15
15
15
15
15
15
15
15
15
15
15
15
15
15
15
15
15
15
15
15
15
15
15
15
15
15
15
73
15
15
15
15
15
15
15
15
15
15
15
15
15
15
15
15
15
15
15
15
15
15
15
15
15
15
15
15
15
15
69
15
69
72
69
72
69
72
69
73
69
72
69
72
69
73
69
72
69
72
69
72
108
72
69
72
69
72
69
72
69
72
69
72
69
73
69
72
69
72
69
125
111
72
69
73
69
72
69
73
69
72
69
72
69
72
69
73
69
72
68
72
69
73
69
73
69
73
69
72
69
72
69
72
84
72
68
73
69
73
69
73
69
72
69
72
69
72
68
72
69
73
69
72
69
72
69
73
69
73
69
72
69
72
69
72
68
73
69
73
69
73
69
73
69
73
69
72
68
73
69
122
69
72
69
72
69
72
69
73
69
72
69
73
69
73
68
72
88
73
69
72
69
73
69
69
69
72
69
72
69
72
69
73
69
73
69
80
69
72
69
72
68
73
69
15
15
15
15
15
15
15
15
15
15
15
15
15
15
15
15
15
15
15
15
15
15
15
15
15
15
15
15
15
15
15
15
73
15
15
15
15
15
15
15
15
15
15
15
15
15
15
15
15
15
15
15
15
15
15
15
15
15
15
15
15
15
15
69
15
69
72
68
72
69
72
69
72
69
72
69
72
69
72
69
73
69
72
72
130
69
72
69
72
69
73
69
73
69
72
69
72
118
72
69
73
69
73
69
72
69
69
111
72
69
72
69
72
69
72
69
73
68
73
69
69
69
72
69
72
69
73
69
72
68
72
69
72
109
72
69
72
69
72
69
72
69
72
69
72
69
72
85
68
69
72
69
72
69
72
69
72
69
72
69
72
69
72
69
72
68
73
69
72
69
73
69
73
69
73
119
82
69
72
69
73
69
73
69
72
69
69
69
72
69
73
69
73
69
72
78
72
69
73
69
73
69
73
69
72
69
72
69
72
69
72
68
73
69
73
69
72
69
72
69
72
69
73
69
73
68
76
69
15
15
15
15
15
15
15
15
15
15
15
15
15
15
15
15
15
15
15
15
15
15
15
15
15
15
15
15
15
15
15
15
72
15
15
15
15
15
15
15
15
15
15
15
15
15
15
15
15
15
15
15
15
15
15
15
15
15
15
15
15
15
15
69
15
69
72
69
73
69
73
69
72
69
72
69
72
69
72
68
73
69
74
69
72
69
72
69
72
69
73
69
73
69
73
69
72
69
72
69
72
73
72
69
72
69
72
69
72
69
73
69
72
69
72
69
121
77
72
69
69
69
72
69
72
69
111
69
72
69
72
69
72
69
72
69
73
69
72
69
73
69
72
69
73
69
72
69
72
69
72
69
75
69
72
69
72
69
72
69
72
69
72
69
73
69
72
69
72
69
69
69
72
69
72
69
72
69
73
69
72
69
119
69
72
69
100
69
72
69
72
69
72
69
73
69
69
113
72
69
72
69
72
69
73
69
73
69
72
81
72
69
72
69
73
69
72
69
72
69
72
69
72
69
72
69
72
69
15
15
15
15
15
15
15
15
15
15
15
15
15
15
15
15
15
15
15
15
15
15
15
15
15
15
15
15
15
15
15
15
72
15
15
15
15
15
15
15
15
15
15
15
15
15
15
15
15
15
15
15
15
15
15
15
15
15
15
15
15
15
15
69
15
69
72
69
72
69
73
69
72
69
72
69
73
69
72
69
72
68
72
69
73
69
72
69
72
69
72
69
73
69
72
69
72
69
72
69
72
69
73
69
72
69
72
69
73
69
72
69
72
69
73
69
72
69
72
69
72
69
72
69
117
69
73
69
72
69
72
69
73
69
73
69
72
69
73
69
72
69
72
69
72
69
72
69
72
69
73
69
72
72
72
70
73
68
72
69
72
69
72
69
72
69
73
69
123
69
72
69
72
69
72
69
104
68
73
69
72
68
72
69
72
69
72
69
72
98
72
69
72
69
72
69
73
69
72
69
72
69
72
69
73
131
72
69
73
69
72
74
72
69
72
111
72
69
73
69
72
69
72
85
73
70
72
69
15
15
15
15
15
15
15
15
15
15
15
15
15
15
15
15
15
15
15
15
15
15
15
15
15
15
15
15
15
15
15
15
72
15
15
15
15
15
15
15
15
15
15
15
15
15
15
15
15
15
15
15
15
15
15
15
15
15
15
15
15
15
15
69
15
69
72
69
73
69
72
69
72
69
72
69
72
69
73
69
72
69
72
69
72
69
72
69
